 4.0 11.0  0.0
 2.0  6.0  0.0
 3.0  2.0  0.0
16.0  1.0  0.0
17.0 10.0  0.0
15.0 12.0  0.0
15.0  5.0  0.0
13.0  9.0  0.0
 6.0  9.0  0.0
 8.0  4.0  0.0
10.0  3.0  0.0
11.0  3.0  2.0
13.0  3.0  2.0
14.0  3.0  0.0      
 6.0 14.0  0.0
 7.0 16.0  0.0       
 9.5 16.0  3.0       
10.0 18.8  3.0
11.5 19.0  3.0
13.5 18.8  3.0
16.0 16.0  2.0
16.1 14.0  2.0
18.0 12.0  2.0
21.0 12.0  2.0
22.0 14.0  1.0
17.0 23.0  0.0
 6.0 23.0  0.0
 3.0 17.0  0.0
 1.0 12.0  0.0
 1.1  6.0  0.0
 2.5  1.0  0.0
 4.0  0.0  0.0
23.0  3.0  0.0
25.0  6.0  0.0
25.8 11.0  0.0
23.1 16.0  0.0

